fi 00
di 01;38;2;30;102;245
ln 38;2;23;146;153
or 01;38;2;210;15;57
tw 01;38;2;4;165;229
ow 01;38;2;4;165;229
st 01;38;2;4;165;229
pi 38;2;223;142;29
so 38;2;136;57;239
bd 01;38;2;254;100;11
cd 01;38;2;254;100;11
su 01;38;2;210;15;57
sg 01;38;2;223;142;29
ex 01;38;2;64;160;43

*.7z 38;2;210;15;57
*.bz2 38;2;210;15;57
*.gz 38;2;210;15;57
*.rar 38;2;210;15;57
*.tar 38;2;210;15;57
*.xz 38;2;210;15;57
*.zip 38;2;210;15;57

*.gif 38;2;136;57;239
*.jpeg 38;2;136;57;239
*.jpg 38;2;136;57;239
*.png 38;2;136;57;239
*.svg 38;2;136;57;239
*.webp 38;2;136;57;239

*.md 38;2;223;142;29
*.nix 38;2;30;102;245
*.lua 38;2;30;102;245
*.ts 38;2;30;102;245
*.tsx 38;2;30;102;245
*.js 38;2;223;142;29
*.jsx 38;2;223;142;29
*.json 38;2;223;142;29
*.sh 38;2;64;160;43
